Q2 0 2041198769178390605 1
Q2 0 2041192613659734360 1
Q2 0 2041191719077908858 1
Q2 0 2041179413182636361 1
Q2 0 2041164981735989331 1
Q2 0 2041154885597503973 1
Q2 0 2041152096150466774 1
Q2 0 2041133869592625357 1
Q2 0 2041131588147097782 1
Q2 0 2041087839362744370 1
Q2 0 2041083856627896402 1
Q2 0 2041083210554126705 1
Q2 0 2041071308847407544 1
Q2 0 2041069199317971267 1
Q2 0 2041069164413018293 1
Q2 0 2041067977915711621 1
Q2 0 2041061221143597100 1
Q2 0 2041060047329824994 1
Q2 0 2041057216032014791 1
Q2 0 2041043987515998273 1
Q2 0 2040950315445297290 1
Q2 0 2040891303349600263 1
Q2 0 2040870810395595248 1
Q2 0 2040843487969415441 1
Q2 0 2040832721610482107 1
Q2 0 2040786072339189956 1
Q2 0 2040766907662393543 1
Q2 0 2040659231372988851 1
Q2 0 2040566597417422921 1
Q2 0 2040535275592429711 1
Q2 0 2040443991360213318 0
Q2 0 2040437893492003007 0
Q2 0 2040418515799457957 0
Q2 0 2040331233931239611 0
Q2 0 2040328875469611199 0
Q2 0 2040325497721094437 0
Q2 0 2040316500708307102 0
Q2 0 2040316000017748085 0
Q2 0 2040279138926571544 0
Q2 0 2040195042107691302 0
Q2 0 2040192965700645338 0
Q2 0 2040185512380805236 0
Q2 0 2040170822422200334 0
Q2 0 2040123033738764636 0
Q2 0 2040054390313173443 0
Q2 0 2040004713572143608 0
Q2 0 2039990302291722736 0
Q2 0 2039987797306527795 0
Q2 0 2039855467619291292 0
Q2 0 2039816648207527940 0
Q2 0 2039814649961701593 0
Q2 0 2039789706657878060 0
Q2 0 2039784155593199743 0
Q2 0 2039775439233658961 0
Q2 0 2039746317023351158 0
Q2 0 2039737268353589267 0
Q2 0 2039706047984624006 0
Q2 0 2039664379675791642 0
Q2 0 2039661607480156600 0
Q2 0 2039523650005582165 0
Q2 0 2039454555319226606 0
Q2 0 2039454541679304801 0
Q2 0 2039452097008075044 0
Q2 0 2039439372865421602 0
Q2 0 2039430908684521565 0
Q2 0 2039417213724340323 0
Q2 0 2039382292368695636 0
Q2 0 2039356572149698923 0
Q2 0 2039336698203512833 0
Q2 0 2039334708325044466 0
Q2 0 2039334108766306455 0
Q2 0 2039333317594513701 0
Q2 0 2039331538622362097 0
Q2 0 2039331039387283463 0
Q2 0 2039320930141544698 0
Q2 0 2039314724697887144 0
Q2 0 2039269211806056546 0
Q2 0 2039268174311395775 0
Q2 0 2039253274482593946 0
Q2 0 2039220265138471262 0
Q2 0 2039218568798302224 0
Q2 0 2039187526607618375 0
Q2 0 2039100917568643084 0
Q2 0 2039098902863900768 0
Q2 0 2039089979062689932 0
Q2 0 2039081889919861141 0
Q2 0 2039079549082750978 0
Q2 0 2039049070967140686 0
Q2 0 2039048387840889222 0
Q2 0 2039020424072245451 0
Q2 0 2038996726921544080 0
Q2 0 2038987214101602314 0
Q2 0 2038871875573412317 0
Q2 0 2038868847915118691 0
Q2 0 2038671152759849190 0
Q2 0 2038667166011236425 0
Q3 0 2041278229072490509 1
Q3 0 2041274346472141068 1
Q3 0 2041267678359294277 1
Q3 0 2041267501535813744 1
Q3 0 2041265667928961244 1
Q3 0 2041261949850116427 1
Q3 0 2041254936986739042 1
Q3 0 2041249562514387190 1
Q3 0 2041247134528254036 1
Q3 0 2041231496728764465 1
Q3 0 2041224554564161986 1
Q3 0 2041221893823537597 1
Q3 0 2041218576275693653 1
Q3 0 2041216263549255932 1
Q3 0 2041213892571865096 1
Q3 0 2041213618939891768 1
Q3 0 2041207648474026366 1
Q3 0 2041204885358878929 1
Q3 0 2041201366803087451 1
Q3 0 2041201147042472284 1
Q3 0 2041196877635359099 1
Q3 0 2041196800665948649 1
Q3 0 2041190861661409765 1
Q3 0 2041179739122200893 1
Q3 0 2041179638911885812 1
Q3 0 2041170565139173865 1
Q3 0 2041169133962727434 1
Q3 0 2041163543647572098 1
Q3 0 2041161297165963655 1
Q3 0 2041157030459674833 1
Q3 0 2041155530241036630 0
Q3 0 2041155154129399936 0
Q3 0 2041152968825647296 0
Q3 0 2041147507452092780 0
Q3 0 2041143450956161154 0
Q3 0 2041140539689439260 0
Q3 0 2041138917441712563 0
Q3 0 2041136796688322832 0
Q3 0 2041133725035966596 0
Q3 0 2041132521875022071 0
Q3 0 2041129938531877142 0
Q3 0 2041129901877776606 0
Q3 0 2041125551566737430 0
Q3 0 2041123769448612041 0
Q3 0 2041122238561132745 0
Q3 0 2041121847006380413 0
Q3 0 2041114920029405678 0
Q3 0 2041110745396469942 0
Q3 0 2041103676681445711 0
Q3 0 2041101121540985040 0
Q3 0 2041096631487979843 0
Q3 0 2041094377452237172 0
Q3 0 2041090501399498933 0
Q3 0 2041088558274839003 0
Q3 0 2041079864183156873 0
Q3 0 2041079780578144430 0
Q3 0 2041074786625781902 0
Q3 0 2041074702412652922 0
Q3 0 2041072165588746336 0
Q3 0 2041070885117763808 0
Q3 0 2041069011971314158 0
Q3 0 2041065840347426893 0
Q3 0 2041061795339854092 0
Q3 0 2041053936065343892 0
Q3 0 2041053347181121556 0
Q3 0 2041050321917542416 0
Q3 0 2041048263063638428 0
Q3 0 2041047045264588996 0
Q3 0 2041042333052043280 0
Q3 0 2041041000999584185 0
Q3 0 2041040583603687453 0
Q3 0 2041014918946680958 0
Q3 0 2041006919968506172 0
Q3 0 2041005186639069591 0
Q3 0 2041005135174992012 0
Q3 0 2040984093844963691 0
Q3 0 2040982463443529756 0
Q3 0 2040978380590305787 0
Q3 0 2040958883951419770 0
Q3 0 2040946964909453768 0
Q3 0 2040946267807784992 0
Q3 0 2040944836811853831 0
Q3 0 2040942164683661375 0
Q3 0 2040939945263608249 0
Q3 0 2040936390624518473 0
Q3 0 2040933068316578169 0
Q3 0 2040927153806516618 0
Q3 0 2040920770797289586 0
Q3 0 2040914763937673452 0
Q3 0 2040913734143553579 0
Q3 0 2040907681196560524 0
Q3 0 2040902451847672060 0
Q3 0 2040895240911888718 0
Q3 0 2040895021235232787 0
Q3 0 2040890268464132596 0
Q3 0 2040889654518718866 0
Q3 0 2040883602435768498 0
Q3 0 2040876543023657156 0
Q3 0 2040875312561770774 0
Q3 0 2040873416614428683 0
Q4 0 2039795957253206486 1
Q4 0 2039785801761108125 1
Q4 0 2039785576770252825 1
Q4 0 2039694989018419629 1
Q4 0 2039415167000395982 1
Q4 0 2039201591106884001 1
Q4 0 2038931187427602787 1
Q4 0 2038699239887548649 1
Q4 0 2038689482615005416 1
Q4 0 2038131419893936618 1
Q4 0 2037786015285350837 1
Q4 0 2037638093478527035 1
Q4 0 2037614183219421187 1
Q4 0 2036933809719931342 1
Q4 0 2036785004139728933 1
Q4 0 2036778204774494433 1
Q4 0 2036696074581102813 1
Q4 0 2036676966791696820 1
Q4 0 2036620662089879633 1
Q4 0 2036567809547764106 1
Q4 0 2036541618187280420 1
Q4 0 2036494969830064531 1
Q4 0 2036490448571879516 1
Q4 0 2036434410954752335 1
Q4 0 2036257938256347425 1
Q4 0 2036257671083381051 1
Q5 0 2041283013669949488 1
Q5 0 2041270967654043970 1
Q5 0 2041249977205149820 1
Q5 0 2041235296294252655 1
Q5 0 2041196896375451892 1
Q5 0 2041145183228596280 1
Q5 0 2041121395266957427 1
Q5 0 2041120037814071532 1
Q5 0 2041100634162872544 1
Q5 0 2041078574862454997 1
Q5 0 2041076938706399281 1
Q5 0 2041075327573569725 1
Q5 0 2041044748241375284 1
Q5 0 2040895952547192978 1
Q5 0 2040879176572395823 1
Q5 0 2040848963914395682 1
Q5 0 2040845802352820649 1
Q5 0 2040810963775971471 1
Q5 0 2040797326751498459 1
Q5 0 2040783510131323324 1
Q5 0 2040773477976744071 1
Q5 0 2040749896244789595 1
Q5 0 2040663214170517884 1
Q5 0 2040654261969969496 1
Q5 0 2040644154791711004 1
Q5 0 2040625392445161700 1
Q5 0 2040623723099943041 1
Q5 0 2040621657430118557 1
Q5 0 2040588406053359674 1
Q5 0 2040584378892353698 1
Q5 0 2040582007260942623 0
Q5 0 2040574002310029801 0
Q5 0 2040550464811671695 0
Q5 0 2040548025831985372 0
Q5 0 2040538282052714636 0
Q5 0 2040527637844807939 0
Q5 0 2040521341485699477 0
Q5 0 2040514239723381066 0
Q5 0 2040506056611353086 0
Q5 0 2040478868184629727 0
Q5 0 2040475688180887961 0
Q5 0 2040471435605573722 0
Q5 0 2040470812369846655 0
Q5 0 2040464439359529465 0
Q5 0 2040438678405726322 0
Q5 0 2040431198699212951 0
Q5 0 2040423650705522726 0
Q5 0 2040400430660989062 0
Q5 0 2040394738009100305 0
Q5 0 2040363267445407989 0
Q5 0 2040326056427577368 0
Q5 0 2040317999308312633 0
Q5 0 2040317167863058636 0
Q5 0 2040314949415645358 0
Q5 0 2040313860599562300 0
Q5 0 2040292358860992734 0
Q5 0 2040267376566878712 0
Q5 0 2040248086425972815 0
Q5 0 2040183858851656139 0
Q5 0 2040171327802298782 0
Q5 0 2040154727556772066 0
Q5 0 2040126076798779420 0
Q5 0 2040125197001601029 0
Q5 0 2040115588912279665 0
Q5 0 2040054902710210906 0
Q5 0 2040042481115361683 0
Q5 0 2040026275088077252 0
Q5 0 2040012822726549568 0
Q5 0 2040011677975081269 0
Q5 0 2040010805773500862 0
Q5 0 2039976976203546958 0
Q5 0 2039967668107624705 0
Q5 0 2039960121485480175 0
Q5 0 2039939844005155294 0
Q5 0 2039933724591370636 0
Q5 0 2039927316000784450 0
Q5 0 2039894890146934913 0
Q5 0 2039848444706398422 0
Q5 0 2039842231603900895 0
Q5 0 2039811442162196901 0
Q5 0 2039786152589197387 0
Q5 0 2039774867403292689 0
Q5 0 2039773083632840772 0
Q5 0 2039771950260900249 0
Q5 0 2039743356092461155 0
Q5 0 2039738321140683174 0
Q5 0 2039731678869127537 0
Q5 0 2039729816467910747 0
Q5 0 2039721352064602116 0
Q5 0 2039695397715677308 0
Q5 0 2039694995096236123 0
Q5 0 2039684261385847025 0
Q5 0 2039682404843913397 0
Q5 0 2039680978356933120 0
Q5 0 2039679862814757305 0
Q5 0 2039657882514497925 0
Q5 0 2039646560804323369 0
Q5 0 2039635460725543199 0
Q5 0 2039614559908925654 0
Q5 0 2039608609819013419 0
